541 6014 6012 5958 5788 8915
540 61206 58425 40491 4470 2568
539 3829 3780 3474 8093 27075
538 3906 109249 91355 26160 44197
537 171 937 1365 1184 205
536 177 452 159 178 241
535 8915 54780 72294 84637 78174
534 1687 1438 1499 1754 2142
533 1374 1954 1376 969 55417
532 6782 1262 1293 55417 2151
531 59725 1028 6863 1088 68073
530 4076 1819 1563 1450 6772
529 927 3357 5470 8580 4920
528 3503 2178 2836 1500 5673
527 48516 6502 55267 7027 8208
526 1369 1066 418 452 3430
525 2527 1301 4443 3729 5917
524 8874 1020 3285 37731 3434
523 26606 48061 2081 555 72612
522 81932 1220 99813 70565 106782
521 573 1174 681 820 559
520 1204 1252 1090 1234 8823
519 5101 4284 2190 1878 2339
518 2310 2432 742 3112 1605
517 8327 4445 78836 106540 97895
516 21 337 508 22 230
515 169 71876 70121 59834 45969
514 233 1289 766 446 1111
513 108514 3934 162672 162542 98000
512 264 667 9 1636 630
511 43744 73106 83132 37475 27075
510 1963 1699 4424 483 845
509 4873 4903 6552 446 6269
508 508 41 2652 4928 43744
507 78174 54780 80 90576 2630
506 3780 3474 3885 3657 2201
505 6237 86882 2819 1177 6413
504 45969 71876 70121 59834 8199
503 40851 4792 54259 79091 2652
502 1173 1541 714 52545 51094
501 44974 5319 72395 40148 43267
500 58347 31433 62718 38061 7669
499 3879 3885 5628 3710 73106
498 3637 760 84844 957 27251
497 274 5918 71810 60857 59721
496 2969 281 338 835 71
495 4521 69529 845 1040 84
494 50068 97306 1276 1636 4792
493 48660 3906 91355 44197 26160
492 61361 69275 73587 82167 73290
491 72612 1701 2190 1878 69529
490 61071 116797 55566 56030 8544
489 25801 7081 149830 148888 4493
488 48660 3906 91355 26160 44197
487 277 6883 280 8823 222
486 68237 1273 140267 144976 5918
485 4811 43376 274 4822 51127
484 4518 98491 8199 4384 6211
483 88744 88140 122900 2403 60040
482 2649 2647 2636 91104 96
481 26094 2339 2190 1878 702
480 52328 56251 56145 54372 65216
479 59995 81562 48738 89864 4539
478 64957 122886 106918 84844 191
477 1163 80551 8014 568 50804
476 343 582 243 201 264
475 115713 134853 7502 148626 142488
474 2070 73290 4792 27251 8915
473 54004 51372 99728 90430 86548
472 3718 2824 4711 3947 2627
471 26403 66246 26007 4022 6883
470 31658 7002 70344 3264 7064
469 1819 1563 1450 112911 74946
468 7063 83411 83359 83318 67504
467 44225 88179 2575 3125 2434
466 3600 3035 940 1023 1934
465 72612 40629 3844 4921 27178
464 8591 8143 4173 3816 104283
463 1394 1374 1233 4308 5679
462 5440 1669 755 2776 2573
461 1035 2081 1500 3039 5500
460 2020 6979 1257 950 3429
459 2630 26776 33138 615 27156
458 4994 5952 5014 7153 1961
457 2712 55820 2076 56782 3788
456 401 1669 755 2573 2776
455 95567 70898 54734 48872 4792
454 91104 274 1636 1878 2190
453 2701 1801 91548 27186 5918
452 2071 6299 3989 1162 7096
451 1571 1539 1164 617 191
450 5117 4753 3883 2191 1311
449 45969 71876 70121 59834 91548
448 7051 47274 69516 53447 4770
447 60857 59721 43744 4445 62
446 35 275 1327 3525 3811
445 4518 2969 615 2820 1497
444 133195 4968 57504 74946 62250
443 7541 3357 1684 1636 264
442 1997 553 3552 40819 5152
441 213 1827 1446 4384 59
440 101947 491 88179 26318 2652
439 5225 5015 5791 1734 5668
438 3 8915 238 813 1355
437 820 559 1174 681 5069
436 6918 2820 2573 5387 74530
435 59834 50804 56941 285 27178
434 281 101 8133 1050 893
433 5902 4641 81591 27773 56782
432 4550 4181 439 5834 4527
431 42004 6776 6852 8530 30850
430 2810 6461 4349 47254 5828
429 710 718 1398 123 191
428 85414 114342 34338 44633 4822
427 6244 91673 26599 7932 4252
426 3883 2191 1311 55272 61167
425 1193 6377 2329 7263 5918
424 191 6628 667 78637 1328
423 7235 8370 6713 30745 27592
422 1619 999 2677 3129 55732
421 48660 3906 8915 4521 4445
420 1311 5324 4284 31408 27251
419 5876 127098 53447 69516 47274
418 5444 3825 5414 31903 8823
417 91548 5377 4361 4103 6598
416 91673 26599 7932 4252 1012
415 54734 86817 61250 6332 55167
414 969 26265 25763 7051 55417
413 7206 5141 105844 45720 615
412 1835 3186 4054 3969 2443
158 1806 710 55069 2836 40959
159 6986 923 27838 1252 1204
160 3068 3249 69280 3111 8823
161 350 410 51094 52545 2652
162 81786 4518 33646 91500 79132
163 6565 88744 1735 64034 73290
164 3883 2191 1311 2339 72612
165 3696 9010 4630 5765 3437
166 5117 4753 3883 2191 1311
167 191 4834 6772 103980 8915
168 50804 1028 3909 3845 1692
169 7163 58299 54736 8131 31225
170 85612 40870 116939 102792 107559
171 25763 7051 26265 33145 69275
172 3568 88179 4584 67788 26693
173 58107 1542 5917 50804 56941
174 116939 102792 61236 40581 4928
175 1211 262 5812 4459 5918
176 81845 31658 92259 86882 50068
177 1658 2148 2026 1598 1661
178 1228 1262 48394 69481 70344
179 8915 696 2182 2969 630
180 88932 109742 62331 110873 92210
181 5910 401 3768 4445 760
182 146 71876 70121 59834 45969
183 1354 3453 2360 1046 8133
184 720 27186 67788 26318 101947
185 741 1411 4734 1441 2253
186 401 1654 2652 238 687
187 1005 56339 59418 49280 26422
188 6014 6012 5958 5788 5918
189 2976 1173 3706 3262 3181
190 1450 71876 70121 59834 45969
191 8642 7453 86817 61250 6332
192 4550 4181 439 401 760
193 3833 3692 428 3968 3063
194 54780 72294 401 84637 78174
195 3088 3035 3871 2102 2043
196 40870 107559 116939 102792 5918
197 1702 2190 1878 109249 264
198 5876 3434 3811 8133 191
199 27728 65133 33493 2288 741
200 681 573 820 559 36529
201 8958 72612 8947 6909 27882
202 2794 5055 4945 4466 26318
203 2116 45969 71876 70121 59834
204 7210 2066 6954 8754 8751
205 65261 119145 98491 93721 37857
206 27664 54780 84637 78174 72294
207 66246 26294 32469 51471 6006
208 1472 112556 97921 112183 86377
209 27156 53883 40581 72393 32825
210 72294 84637 78174 54780 150548
211 3879 3885 3829 3780 3474
212 2542 7147 48394 7139 8530
213 44199 54259 81229 6754 4343
214 3178 4007 3071 3927 2984
215 1103 1086 2975 3453 109249
216 91548 72612 26265 25763 7051
217 7027 45969 71876 70121 59834
218 820 559 25763 7051 26265
219 2688 3263 2694 1020 47640
220 3538 2436 3581 1056 3823
221 74727 264 98491 5498 4521
222 2201 3656 3580 104303 91104
223 2758 6772 27523 27251 71899
224 233 213 347 149 5918
225 114265 82931 129653 110645 96373
226 121618 104590 6942 64716 26695
227 4552 58303 65261 92259 6184
228 3883 2191 1311 109249 264
229 31408 50804 1287 336 52694
230 38886 53956 56715 112421 111529
231 60857 59721 26265 56941 73042
232 1925 3447 3165 1455 961
233 27731 264 78836 50954 27523
234 1235 1256 1253 7075 7826
235 2137 6883 6708 4448 6187
236 4753 3883 2191 1311 5918
237 272 4493 7002 27251 50804
238 91500 8533 104374 80549 95088
239 3398 4010 429 3865 2774
240 3751 67665 8622 3967 7090
241 27251 71810 60857 59721 101947
242 2764 352 3069 2272 2570
243 2700 5378 33493 4308 1281
244 70121 59834 45969 1878 2190
245 4890 556 3156 3980 3566
246 2820 90576 30846 45172 53447
247 3448 1663 2490 3107 2463
248 4591 4076 1819 1563 1450
249 4473 4353 98000 162672 58191
250 92259 53996 33615 56587 152081
251 56587 98491 106002 97225 72356
252 111529 103980 72612 90576 44225
253 4027 1784 1276 2339 3809
254 154 82 521 178 392
255 2843 25805 8254 2897 8133
256 4933 8675 6447 5622 4861
257 2905 5300 5498 26082 101962
542 88125 109374 76093 81834 5444
1 103137 104303 51086 48872 3453
543 31437 50804 158314 143859 30803
2 69275 50804 71810 60857 59721
544 64499 126430 108709 61013 31413
3 112804 50068 48783 3949 5917
613 7773 44731 39408 336 91104
72 106920 94959 8133 55820 51372
614 950 1594 8133 2165 309
73 79357 50641 93855 93320 5244
615 112556 105844 152081 86504 108583
74 3883 2191 1311 8823 91104
616 2507 4988 4622 3568 8327
75 4975 8957 2423 2841 2692
617 2572 2541 1994 2447 50804
76 43556 4928 309 630 2438
618 2553 4273 4928 2062 73106
77 3070 7387 6755 7649 2275
619 2573 69529 44225 26776 50954
78 6216 1365 3819 50742 50740
620 67788 50872 902 4016 4000
79 133419 2969 401 49530 32031
621 2686 2926 3591 6883 4478
80 61250 6332 4539 7340 2652
622 755 2776 2573 264 140
81 1133 872 499 343 336
623 5994 8935 53956 49957 9010
82 102666 98615 62115 32460 158956
624 4396 6375 5915 5490 132333
83 5152 663 8493 3355 1799
625 81591 112552 88810 96821 85774
84 81564 116797 92259 3980 106489
626 3358 3451 69280 1916 3565
85 2 3945 4241 255 31437
627 27788 8957 8132 33166 7254
86 81 30 766 178 633
628 6883 73344 27773 5782 91104
87 40870 90576 150548 44225 91104
629 53447 71810 60857 59721 33138
88 62344 51705 52668 509 56367
630 285 582 336 114 264
89 3638 2951 1772 2438 91104
631 105593 31437 4770 61361 4928
90 29 800 26318 1590 56941
632 111913 59315 2501 8133 26318
91 81229 110102 96610 138036 103810
633 37475 26265 25763 7051 100553
92 553 247 72612 7002 2652
634 64695 26318 78637 2652 82167
93 78499 898 4029 27790 54328
635 73042 2652 191 128512 64249
94 2324 8132 60069 68954 59784
636 6211 85 766 4968 150548
95 2793 2907 2119 4520 4140
637 128512 43744 27075 7826 55444
96 25850 6273 3739 32525 25947
638 83976 99764 55274 56156 96911
97 4878 46578 26151 3911 30810
639 7932 4252 26776 50804 69275
98 84374 8522 156025 25801 7081
640 631 116 8327 158314 143859
99 3910 2067 1619 918 4380
641 6154 6014 6012 5958 5788
100 8642 7453 86817 61250 6332
642 59429 73587 78637 8951 51372
101 3879 3885 3829 3780 3474
145 82931 26513 129653 96373 110645
659 529 229 3656 3580 3567
118 52545 51094 3350 3811 2344
146 588 364 71102 3421 58559
660 51372 1669 755 2573 2776
119 3414 3943 2660 1824 1564
147 25763 7051 26394 3207 26265
661 26578 26150 7574 7564 872
120 3421 3552 6373 1663 2416
148 6883 1269 3462 5291 6269
662 71810 60857 59721 4584 1636
121 40 1636 27251 50804 615
149 111921 89904 42418 90061 4755
663 2630 1903 140 7938 4509
122 67788 61236 71810 60857 59721
150 8957 1590 3897 48516 104
664 60753 89745 59369 122892 27904
123 43744 568 816 679 718
151 2638 27186 41336 98126 78903
665 3301 3988 4023 1754 4277
124 57453 1214 7254 1200 8132
152 4027 1653 1175 7502 31410
666 78174 72294 6772 8629 8765
125 50912 2359 61323 46723 59387
153 5099 760 2562 1133 109249
667 1539 1164 617 8133 2652
126 1692 471 101947 8982 39427
154 104283 6772 4928 74727 105593
668 4625 88179 67788 191 4811
127 4849 4048 3900 3848 2894
155 2791 4000 1148 2190 1878
669 25763 7051 50804 26318 3710
128 5970 5159 1686 4821 3743
156 1311 91104 51372 8915 294
670 91104 3434 31408 101947 2652
129 6154 6014 6012 5958 5788
157 84952 4454 47491 73808 59814
671 2291 551 1035 1148 2804
130 1035 953 41566 1957 1224
144 760 41336 98126 78903 2975
658 4550 4181 439 2339 50804
117 117851 114552 59018 667 136016
143 30810 2333 101 39414 2339
657 88810 6624 80748 8629 8765
116 8765 8899 39427 48872 109249
142 31689 4814 4787 919 50804
656 243 201 3909 3845 1692
115 4768 44225 3710 1067 1636
141 1878 2190 8915 8823 2652
655 5117 4753 3883 2191 1311
114 100553 4521 4469 2849 615
140 104841 91548 2059 765 760
654 4007 262 33660 2301 1797
113 70121 59834 45969 7826 51086
139 4753 3883 2191 1311 2438
653 3051 6425 2190 1878 4928
112 31437 51086 61071 2652 47274
138 79132 77658 48780 109487 91529
652 721 690 681 573 4539
111 224 4901 932 4357 2330
137 2118 2009 55417 2190 1878
651 98126 78903 41336 3945 4241
110 26578 26150 7574 7564 872
136 2008 1571 1539 1164 617
650 6884 6022 5818 33646 74688
109 3906 109249 44197 91355 26160
135 2062 62718 4748 3357 31437
649 26578 26150 7574 7564 872
108 4076 1819 1563 1450 4201
134 4343 94864 93840 40732 53953
648 41912 26947 4741 30749 61323
107 2201 760 47148 2526 651
133 1172 6883 73290 106441 107559
647 3011 2925 190 2310 1866
106 8366 54281 3786 39416 7773
132 2573 2776 1669 755 3434
646 1414 1018 1014 1390 1855
105 1247 16 4407 6016 1233
131 3567 728 2652 1927 50804
645 27251 41527 8014 64501 64499
104 1636 2507 4988 4622 3568
644 116939 102792 85612 40870 1836
103 8899 83976 29 4848 7022
643 1636 31437 6184 4518 3456
102 1420 149606 108514 162542 162672
612 49530 55417 1246 630 2062
71 62081 59306 72701 9 54259
611 109249 73290 162542 401 1609
70 694 26 667 4539 127098
610 2775 30812 56782 632 696
69 5 5918 69757 934 50804
609 80858 77414 55100 47122 3454
68 56367 1302 3510 1959 6883
608 2585 3008 1859 2673 1846
67 3845 1692 452 650 279
607 1625 34405 1597 2501 7090
66 2117 3633 5917 4792 49647
606 72226 175 27664 51372 55732
65 27178 39768 7349 4964 204
605 938 1099 2846 3672 4086
64 98000 162672 162542 149606 108514
604 65601 1609 74156 74115 57223
63 8765 8629 1639 3176 4846
603 3906 91355 26160 58107 50804
62 134130 134853 104374 86 76
602 538 85 156 97 764
61 53996 6350 58998 26662 4333
601 4568 3657 2201 50804 309
60 44197 48660 3906 5690 27803
600 3221 2969 4518 309 109249
59 8998 1148 745 6787 91104
599 6266 90576 86817 61250 6332
58 3420 2202 3251 6598 43744
598 333 216 2863 4489 4623
57 8915 8133 6624 80748 50804
597 2935 2184 451 2287 2937
56 128620 127108 107978 79677 74754
596 1209 8132 156 3653 443
55 3568 65 2843 91104 92259
595 13 2102 917 1636 2284
54 44199 77846 56941 96655 79
594 2366 1147 549 8915 91104
53 1878 2190 2433 67788 264
593 5917 5788 172 2975 67788
52 27020 3854 6624 80748 51372
592 2990 70344 3821 1941 4247
51 111931 104881 95761 80551 41527
591 130073 117851 27251 37475 72356
50 78174 72294 82169 80551 2975
590 26318 223 25 6772 2652
49 1085 2287 2430 4047 3417
589 499 4593 1636 50954 50804
48 71899 31435 76173 65037 59684
588 26318 6772 2652 101947 56941
47 39427 5422 401 2969 104283
587 8650 47728 25852 8121 7208
46 3879 96 251 8387 245
586 3363 2968 5918 111913 26151
45 50804 71876 70121 59834 45969
585 1934 973 2932 3096 1180
44 101962 8484 69516 65261 8341
584 62374 74946 36931 27724 8133
43 84637 78174 1997 1569 8915
583 2776 1669 755 401 640
42 7502 3567 3656 3580 2975
582 4054 6732 7320 4188 8880
41 1298 2117 2025 6725 4789
581 764 630 1194 5918 568
40 3864 731 711 626 227
580 51277 26865 27741 4101 46976
39 8642 7453 4792 67788 98491
579 91104 1180 107083 59306 33145
38 2649 2647 2638 2636 8823
578 55417 63082 74458 5918 91104
37 109249 47274 69516 8915 53447
577 27790 6743 6405 7720 7355
36 199 232 308 412 321
576 4591 4076 1819 1563 1450
35 95858 71468 4652 61071 39715
575 3368 5034 3284 4046 5301
34 482 3634 6624 80748 8133
574 8981 6 215 1589 38499
33 5673 3007 4679 4450 4483
573 4578 4559 4550 4181 439
32 760 81786 4445 48165 61236
572 58559 145 104913 34435 2268
31 80748 6624 59315 51372 76251
571 18 45969 71876 70121 59834
30 5847 5960 4617 4522 4088
570 36519 91630 79293 2404 1636
29 6920 5440 8915 269 73290
569 928 2238 3196 3654 943
28 8915 45969 71876 70121 59834
568 91548 71876 70121 59834 56941
27 243 201 343 336 50804
567 122882 89759 135 711 140
26 59369 60684 27831 65514 3710
566 632 264 59731 3824 3678
25 3945 26394 3207 49647 615
565 1450 401 1133 69275 44225
24 4181 439 66371 51372 49647
564 1771 1543 1531 1312 183
23 7136 26242 1860 6918 8955
563 97306 108979 27156 110873 92210
22 31184 551 109249 3081 37729
562 1517 2804 5378 33493 1215
21 1254 1217 1224 1173 1303
561 235 1084 3033 7099 3686
20 2690 7212 64285 31116 51471
560 1702 2011 4022 2012 5917
19 1344 1178 501 326 465
559 2659 1286 986 1931 991
18 103137 114552 130073 117851 92259
558 1056 3112 1413 3792 4201
17 7981 7700 6971 4404 5062
557 156025 25801 7081 56949 80748
16 4738 1653 2103 4772 8915
556 107559 85612 40870 116939 102792
15 1859 3320 5071 4731 4302
555 3983 306 194 1041 308
14 3175 33138 191 8938 2843
554 17 698 1228 2243 3551
13 81834 4310 362 7502 2652
553 104913 118696 51935 89774 119141
12 3863 47148 3825 3865 3879
552 3710 97 72612 1636 50804
11 6598 4539 69945 62718 4748
551 4539 783 1019 1015 4928
10 793 721 690 573 559
550 41 2118 748 1683 665
9 26150 7574 7564 872 91104
549 148956 71252 87522 93272 68269
8 72612 1625 1777 543 5064
548 541 778 1079 58 50804
7 4591 4076 1819 1563 1450
547 26797 26501 8261 8123 4428
6 6154 6014 6012 5958 5788
546 79274 60161 79008 1887 4928
5 1035 1380 2081 33166 5918
545 1290 2757 1406 1572 2704
4 3906 91355 26160 2086 58107
258 8830 59429 158314 687 143859
259 8899 191 109249 2197 4569
260 41336 117895 44191 5378 33493
261 61206 58425 40491 4470 1636
262 40412 97957 4754 92494 3216
263 1610 3873 5382 1304 1408
264 27728 1878 2190 667 3221
265 1948 3134 936 3200 2732
266 1133 101947 2630 4584 33138
267 39416 7773 441 4241 3945
268 85414 82459 81562 52435 31193
269 4626 8327 1105 4928 4652
270 51255 34405 66934 94466 191
271 2792 78467 8636 1090 91104
272 26160 48660 3906 44197 6184
273 122904 2596 99149 114028 4792
274 88179 25763 7051 26265 50804
275 96911 74152 97057 93324 59273
276 1759 5083 32525 2969 78637
277 122882 5971 134130 122890 6772
278 98000 149606 108514 162542 162672
279 3906 109249 615 44225 4928
280 73587 76030 8012 61236 8199
281 1250 2019 1204 7087 4792
282 524 3861 8823 4000 91104
283 27803 6869 41527 7459 3746
284 30803 4539 127098 73106 78637
285 188 177 1924 2460 8133
286 43744 26151 4493 264 90576
287 95313 77435 60674 59392 6163
288 26318 71810 60857 59721 615
289 53447 2810 26025 6322 5608
290 6014 6012 5958 5788 47148
291 2140 7386 7649 7075 8341
292 1947 1271 5103 5791 2297
293 5069 2291 4369 4427 4584
294 2690 3512 2961 30816 3612
295 2268 2302 1101 6323 6708
296 3766 191 1903 26318 2673
297 1232 3030 6666 3503 8133
298 2638 1819 1563 1450 401
299 499 162542 137595 134783 134246
300 2529 4493 1067 499 4593
301 26776 6776 5608 85438 31420
302 957 107516 8915 100553 72386
303 77658 1246 69849 1380 73344
304 44788 93040 67508 59731 53883
305 3879 3885 3829 3780 3474
306 916 1135 3524 1286 3015
307 5995 44195 46976 55247 191
308 419 267 1330 55732 26776
309 3360 1257 101 8827 6669
310 51372 760 104863 95309 59
311 2501 1912 1810 1616 3414
312 1191 1046 190 363 99
313 1597 2394 4310 6565 8908
314 115210 6184 577 3221 4518
315 6188 3735 5954 1067 6883
316 8874 1669 755 2776 2573
317 4469 2849 3221 90403 81786
318 1429 704 4045 50804 26318
319 107314 88932 109742 62331 106873
320 116797 140 1067 1172 6883
321 2940 2066 133195 4539 50804
322 3453 107083 1903 116660 31408
323 3906 109249 44197 91355 26160
324 3988 73 52435 68099 59387
325 66915 59945 98491 104069 5570
326 73290 27700 2864 56941 2652
327 6509 3637 71438 7786 43899
328 72612 38038 4357 6970 6773
329 134246 138204 134528 4792 2676
330 1683 80 1575 1428 301
331 73106 53974 568 59306 696
332 50804 3199 630 4928 2847
333 6776 73881 141668 50703 191
334 6016 99114 3462 3657 2201
335 72701 136016 667 27251 242
336 8918 1636 143859 158314 1490
337 6598 1490 5880 1739 73587
338 54780 401 72294 84637 78174
339 30707 74458 1249 92259 74727
340 5788 2542 69529 106489 1636
341 44828 59421 101142 116823 61071
342 1147 1344 971 2202 2176
343 3879 3885 3829 3780 3474
344 2575 850 268 632 53
345 3317 4641 1227 6350 3543
346 4567 4565 4442 2880 876
347 6012 5958 5788 34164 7541
348 2548 574 523 3223 69275
349 8133 50804 242 2652 285
350 1311 4967 4958 4728 4095
351 1286 2668 3963 73106 69275
352 5618 1669 755 2573 2776
353 46970 26614 59315 51662 44761
354 70121 59834 80551 101947 26318
355 4011 7387 48516 2550 8133
356 104218 31420 133195 8387 52694
357 6425 3765 3001 43744 92259
358 2829 1940 116 1938 1942
359 80748 51372 8656 26587 8133
360 43744 50804 1636 103137 90576
361 3883 2191 1311 8327 56941
362 551 6711 44555 37733 27523
363 1571 1539 1164 617 109249
364 109249 146 4652 191 609
365 5788 6883 97304 1021 4994
366 4928 69516 3221 47274 4518
367 4720 4128 6974 4632 4626
368 74677 59306 285 336 50804
369 44197 48660 3906 401 4445
370 4105 1464 8947 7649 6883
371 71838 90600 81788 122888 91690
372 27689 63276 47491 55167 69275
373 2318 994 1300 1147 8915
374 5312 5415 5387 5329 33138
375 3829 3780 3474 3879 3885
376 4427 4263 274 4792 27251
377 309 4384 242 4445 55069
378 68073 55052 116897 101741 110645
379 44555 3005 6624 80748 51372
380 122904 7156 71156 94466 131724
381 48660 3906 3054 4474 26151
382 79824 80839 48791 41573 32289
383 766 6624 80748 51372 56941
384 4308 4816 8981 41285 6883
385 78903 235 555 230 7002
386 6242 92 3053 2318 109249
387 2874 5866 3737 2981 1933
388 3036 4688 3150 759 787
389 439 333 3816 27251 116797
390 5117 4753 3883 2191 1311
391 892 1202 522 1180 50804
392 4584 146309 141688 111913 1163
393 4897 4766 4375 4252 2839
394 84374 101741 1285 81229 79428
395 4469 2849 6772 191 49647
396 6154 6014 6012 5958 5788
397 718 8341 5365 3816 199
398 70121 59834 45969 26151 59731
399 103137 6624 80748 54732 82169
400 3906 109249 44197 91355 26160
401 1301 70344 611 2365 285
402 98491 96588 77658 58047 140110
403 48520 130087 112897 70663 72386
404 760 45969 71876 70121 59834
405 4783 5193 5732 6219 8675
406 8933 5475 103444 98126 78903
407 1063 3795 1504 5325 2837
408 2195 309 2620 2624 1112
409 54734 33296 8642 7453 56941
410 4375 2839 91548 401 69529
411 8915 264 26265 25763 7051
